1.000000000000000000e+09
1.096480000000000000e+09
1.202260000000000000e+09
1.318260000000000000e+09
1.445440000000000000e+09
1.584890000000000000e+09
1.737800000000000000e+09
1.905460000000000000e+09
2.089300000000000000e+09
2.290870000000000000e+09
2.511890000000000000e+09
2.754230000000000000e+09
3.019950000000000000e+09
3.311310000000000000e+09
3.630780000000000000e+09
3.981070000000000000e+09
4.365160000000000000e+09
4.786300000000000000e+09
5.248070000000000000e+09
5.754400000000000000e+09
6.309570000000000000e+09
6.918310000000000000e+09
7.585780000000000000e+09
8.317640000000000000e+09
9.120110000000000000e+09
1.000000000000000000e+10
1.096480000000000000e+10
1.202260000000000000e+10
1.318260000000000000e+10
1.445440000000000000e+10
1.584890000000000000e+10
1.737800000000000000e+10
1.905460000000000000e+10
2.089300000000000000e+10
2.290870000000000000e+10
2.511890000000000000e+10
2.754230000000000000e+10
3.019950000000000000e+10
3.311310000000000000e+10
3.630780000000000000e+10
3.981070000000000000e+10
4.365160000000000000e+10
4.786300000000000000e+10
5.248070000000000000e+10
5.754400000000000000e+10
6.309570000000000000e+10
6.918310000000000000e+10
7.585780000000000000e+10
8.317640000000000000e+10
9.120110000000000000e+10
1.000000000000000000e+11
1.096480000000000000e+11
1.202260000000000000e+11
1.318260000000000000e+11
1.445440000000000000e+11
1.584890000000000000e+11
1.737800000000000000e+11
1.905460000000000000e+11
2.089300000000000000e+11
2.290870000000000000e+11
2.511890000000000000e+11
2.754230000000000000e+11
3.019950000000000000e+11
3.311310000000000000e+11
3.630780000000000000e+11
3.981070000000000000e+11
4.365160000000000000e+11
4.786300000000000000e+11
5.248070000000000000e+11
5.754400000000000000e+11
6.309570000000000000e+11
6.918310000000000000e+11
7.585780000000000000e+11
8.317640000000000000e+11
9.120110000000000000e+11
1.000000000000000000e+12
1.096480000000000000e+12
1.202260000000000000e+12
1.318260000000000000e+12
1.445440000000000000e+12
1.584890000000000000e+12
1.737800000000000000e+12
1.905460000000000000e+12
2.089300000000000000e+12
2.290870000000000000e+12
2.511890000000000000e+12
2.754230000000000000e+12
3.019950000000000000e+12
3.311310000000000000e+12
3.630780000000000000e+12
3.981070000000000000e+12
4.365160000000000000e+12
4.786300000000000000e+12
5.248070000000000000e+12
5.754400000000000000e+12
6.309570000000000000e+12
6.918310000000000000e+12
7.585780000000000000e+12
8.317640000000000000e+12
9.120110000000000000e+12
1.000000000000000000e+13
1.096480000000000000e+13
1.202260000000000000e+13
1.318260000000000000e+13
1.445440000000000000e+13
1.584890000000000000e+13
1.737800000000000000e+13
1.905460000000000000e+13
2.089300000000000000e+13
2.290870000000000000e+13
2.511890000000000000e+13
2.754230000000000000e+13
3.019950000000000000e+13
3.311310000000000000e+13
3.630780000000000000e+13
3.981070000000000000e+13
4.365160000000000000e+13
4.786300000000000000e+13
5.248070000000000000e+13
5.754400000000000000e+13
6.309570000000000000e+13
6.918310000000000000e+13
7.585780000000000000e+13
8.317640000000000000e+13
9.120110000000000000e+13
1.000000000000000000e+14
1.096480000000000000e+14
1.202260000000000000e+14
1.318260000000000000e+14
1.445440000000000000e+14
1.584890000000000000e+14
1.737800000000000000e+14
1.905460000000000000e+14
2.089300000000000000e+14
2.290870000000000000e+14
2.511890000000000000e+14
2.754230000000000000e+14
3.019950000000000000e+14
3.311310000000000000e+14
3.630780000000000000e+14
3.981070000000000000e+14
4.365160000000000000e+14
4.786300000000000000e+14
5.248070000000000000e+14
5.754400000000000000e+14
6.309570000000000000e+14
6.918310000000000000e+14
7.585780000000000000e+14
8.317640000000000000e+14
9.120110000000000000e+14
1.000000000000000000e+15
1.096480000000000000e+15
1.202260000000000000e+15
1.318260000000000000e+15
1.445440000000000000e+15
1.584890000000000000e+15
1.737800000000000000e+15
1.905460000000000000e+15
2.089300000000000000e+15
2.290870000000000000e+15
2.511890000000000000e+15
2.754230000000000000e+15
3.019950000000000000e+15
3.311310000000000000e+15
3.630780000000000000e+15
3.981070000000000000e+15
4.365160000000000000e+15
4.786300000000000000e+15
5.248070000000000000e+15
5.754400000000000000e+15
6.309570000000000000e+15
6.918310000000000000e+15
7.585780000000000000e+15
8.317640000000000000e+15
9.120110000000000000e+15
1.000000000000000000e+16
1.096480000000000000e+16
1.202260000000000000e+16
1.318260000000000000e+16
1.445440000000000000e+16
1.584890000000000000e+16
1.737800000000000000e+16
1.905460000000000000e+16
2.089300000000000000e+16
2.290870000000000000e+16
2.511890000000000000e+16
2.754230000000000000e+16
3.019950000000000000e+16
3.311310000000000000e+16
3.630780000000000000e+16
3.981070000000000000e+16
4.365160000000000000e+16
4.786300000000000000e+16
5.248070000000000000e+16
5.754400000000000000e+16
6.309570000000000000e+16
6.918310000000000000e+16
7.585780000000000000e+16
8.317640000000000000e+16
9.120110000000000000e+16
1.000000000000000000e+17
1.096480000000000000e+17
1.202260000000000000e+17
1.318260000000000000e+17
1.445440000000000000e+17
1.584890000000000000e+17
1.737800000000000000e+17
1.905460000000000000e+17
2.089300000000000000e+17
2.290870000000000000e+17
2.511890000000000000e+17
2.754230000000000000e+17
3.019950000000000000e+17
3.311310000000000000e+17
3.630780000000000000e+17
3.981070000000000000e+17
4.365160000000000000e+17
4.786300000000000000e+17
5.248070000000000000e+17
5.754400000000000000e+17
6.309570000000000000e+17
6.918310000000000000e+17
7.585780000000000000e+17
8.317640000000000000e+17
9.120110000000000000e+17
1.000000000000000000e+18
1.096480000000000000e+18
1.202260000000000000e+18
1.318260000000000000e+18
1.445440000000000000e+18
1.584890000000000000e+18
1.737800000000000000e+18
1.905460000000000000e+18
2.089300000000000000e+18
2.290870000000000000e+18
2.511890000000000000e+18
2.754230000000000000e+18
3.019950000000000000e+18
3.311310000000000000e+18
3.630780000000000000e+18
3.981070000000000000e+18
4.365160000000000000e+18
4.786300000000000000e+18
5.248070000000000000e+18
5.754400000000000000e+18
6.309570000000000000e+18
6.918310000000000000e+18
7.585780000000000000e+18
8.317640000000000000e+18
9.120110000000000000e+18
1.000000000000000000e+19
1.096480000000000000e+19
1.202260000000000000e+19
1.318260000000000000e+19
1.445440000000000000e+19
1.584890000000000000e+19
1.737800000000000000e+19
1.905460000000000000e+19
2.089300000000000000e+19
2.290870000000000000e+19
2.511890000000000000e+19
2.754230000000000000e+19
3.019950000000000000e+19
3.311310000000000000e+19
3.630780000000000000e+19
3.981070000000000000e+19
4.365160000000000000e+19
4.786300000000000000e+19
5.248070000000000000e+19
5.754400000000000000e+19
6.309570000000000000e+19
6.918310000000000000e+19
7.585780000000000000e+19
8.317640000000000000e+19
9.120110000000000000e+19
1.000000000000000000e+20
1.096480000000000000e+20
1.202260000000000000e+20
1.318260000000000000e+20
1.445440000000000000e+20
1.584890000000000000e+20
1.737800000000000000e+20
1.905460000000000000e+20
2.089300000000000000e+20
2.290870000000000000e+20
2.511890000000000000e+20
2.754230000000000000e+20
3.019950000000000328e+20
3.311310000000000328e+20
3.630780000000000000e+20
3.981070000000000328e+20
4.365160000000000000e+20
4.786300000000000000e+20
5.248070000000000328e+20
5.754400000000000000e+20
6.309569999999999672e+20
6.918310000000000328e+20
7.585779999999999345e+20
8.317640000000000000e+20
9.120110000000000328e+20
1.000000000000000000e+21
