1.000000000000000021e-02
2.000000000000000042e-02
2.999999999999999889e-02
4.000000000000000083e-02
5.000000000000000278e-02
5.999999999999999778e-02
7.000000000000000666e-02
8.000000000000000167e-02
8.999999999999999667e-02
1.000000000000000056e-01
1.100000000000000006e-01
1.499999999999999944e-01
2.000000000000000111e-01
2.500000000000000000e-01
2.999999999999999889e-01
3.499999999999999778e-01
4.000000000000000222e-01
4.500000000000000111e-01
5.000000000000000000e-01
5.500000000000000444e-01
5.999999999999999778e-01
6.500000000000000222e-01
6.999999999999999556e-01
7.500000000000000000e-01
8.000000000000000444e-01
8.499999999999999778e-01
9.000000000000000222e-01
9.499999999999999556e-01
1.000000000000000000e+00
1.199999999999999956e+00
1.399999999999999911e+00
1.600000000000000089e+00
1.800000000000000044e+00
2.000000000000000000e+00
2.200000000000000178e+00
2.399999999999999911e+00
2.600000000000000089e+00
2.799999999999999822e+00
3.000000000000000000e+00
3.200000000000000178e+00
3.399999999999999911e+00
3.600000000000000089e+00
3.799999999999999822e+00
4.000000000000000000e+00
4.200000000000000178e+00
4.400000000000000355e+00
4.599999999999999645e+00
4.799999999999999822e+00
5.000000000000000000e+00
5.500000000000000000e+00
6.000000000000000000e+00
6.500000000000000000e+00
7.000000000000000000e+00
7.500000000000000000e+00
8.000000000000000000e+00
8.500000000000000000e+00
9.000000000000000000e+00
