1.000000000000000000e+09
1.122018900000000000e+09
1.258926500000000000e+09
1.412536400000000000e+09
1.584892600000000000e+09
1.778279400000000000e+09
1.995263200000000000e+09
2.238723100000000000e+09
2.511884300000000000e+09
2.818381600000000000e+09
3.162277600000000000e+09
3.548135500000000000e+09
3.981075200000000000e+09
4.466832000000000000e+09
5.011870100000000000e+09
5.623413100000000000e+09
6.309576200000000000e+09
7.079463900000000000e+09
7.943275400000000000e+09
8.912505900000000000e+09
1.000000000000000000e+10
1.122018900000000000e+10
1.258926500000000000e+10
1.412536300000000000e+10
1.584892500000000000e+10
1.778279500000000000e+10
1.995263100000000000e+10
2.238723000000000000e+10
2.511884400000000000e+10
2.818381600000000000e+10
3.162277700000000000e+10
3.548135500000000000e+10
3.981075400000000000e+10
4.466832000000000000e+10
5.011869900000000000e+10
5.623413300000000000e+10
6.309576200000000000e+10
7.079464100000000000e+10
7.943275000000000000e+10
8.912505500000000000e+10
1.000000000000000000e+11
1.122018900000000000e+11
1.258926500000000000e+11
1.412536200000000000e+11
1.584892500000000000e+11
1.778279400000000000e+11
1.995263100000000000e+11
2.238723000000000000e+11
2.511884200000000000e+11
2.818381600000000000e+11
3.162277800000000000e+11
3.548135300000000000e+11
3.981075000000000000e+11
4.466831900000000000e+11
5.011870300000000000e+11
5.623413800000000000e+11
6.309576200000000000e+11
7.079464400000000000e+11
7.943275000000000000e+11
8.912505600000000000e+11
1.000000000000000000e+12
1.122018900000000000e+12
1.258926500000000000e+12
1.412536400000000000e+12
1.584892500000000000e+12
1.778279400000000000e+12
1.995263100000000000e+12
2.238723000000000000e+12
2.511884200000000000e+12
2.818381800000000000e+12
3.162277800000000000e+12
3.548135500000000000e+12
3.981075200000000000e+12
4.466832000000000000e+12
5.011870500000000000e+12
5.623413500000000000e+12
6.309576500000000000e+12
7.079464000000000000e+12
7.943275000000000000e+12
8.912506000000000000e+12
1.000000000000000000e+13
1.122019000000000000e+13
1.258926500000000000e+13
1.412536300000000000e+13
1.584896000000000000e+13
1.778279400000000000e+13
1.995263200000000000e+13
2.238723200000000000e+13
2.511884200000000000e+13
2.818388000000000000e+13
3.162277600000000000e+13
3.548135200000000000e+13
3.981075200000000000e+13
4.466832000000000000e+13
5.011881200000000000e+13
5.623413200000000000e+13
6.309576400000000000e+13
7.079464000000000000e+13
7.943275200000000000e+13
8.912525600000000000e+13
1.000000000000000000e+14
