1.000000000000000082e-05
1.268961003167923412e-05
1.610262027560939167e-05
2.043359717856943827e-05
2.592943797404667001e-05
3.290344562312671014e-05
4.175318936560400623e-05
5.298316906283712536e-05
6.723357536499334551e-05
8.531678524172814804e-05
1.082636733874054103e-04
1.373823795883263681e-04
1.743328822199987391e-04
2.212216291070450108e-04
2.807216203941175869e-04
3.562247890262443891e-04
4.520353656360240530e-04
5.736152510448681375e-04
7.278953843983146073e-04
9.236708571873865261e-04
1.172102297533480445e-03
1.487352107293511694e-03
1.887391822135097612e-03
2.395026619987486016e-03
3.039195382313197771e-03
3.856620421163472427e-03
4.893900918477494220e-03
6.210169418915616364e-03
7.880462815669913093e-03
1.000000000000000021e-02
2.000000000000000042e-02
2.999999999999999889e-02
4.000000000000000083e-02
5.000000000000000278e-02
5.999999999999999778e-02
7.000000000000000666e-02
8.000000000000000167e-02
8.999999999999999667e-02
1.000000000000000056e-01
1.100000000000000006e-01
1.499999999999999944e-01
2.000000000000000111e-01
2.500000000000000000e-01
2.999999999999999889e-01
3.499999999999999778e-01
4.000000000000000222e-01
4.500000000000000111e-01
5.000000000000000000e-01
5.500000000000000444e-01
5.999999999999999778e-01
6.500000000000000222e-01
6.999999999999999556e-01
7.500000000000000000e-01
8.000000000000000444e-01
8.499999999999999778e-01
9.000000000000000222e-01
9.499999999999999556e-01
1.000000000000000000e+00
1.199999999999999956e+00
1.399999999999999911e+00
1.600000000000000089e+00
1.800000000000000044e+00
2.000000000000000000e+00
2.200000000000000178e+00
2.399999999999999911e+00
2.600000000000000089e+00
2.799999999999999822e+00
3.000000000000000000e+00
3.200000000000000178e+00
3.399999999999999911e+00
3.600000000000000089e+00
3.799999999999999822e+00
4.000000000000000000e+00
4.200000000000000178e+00
4.400000000000000355e+00
4.599999999999999645e+00
4.799999999999999822e+00
5.000000000000000000e+00
