# photon energy [eV]
0.000123984
0.000165336
0.000247951
0.000310003
0.000413396
0.000619964
0.000826735
0.0009536
0.00100315
0.00105771
0.00111781
0.00118404
0.00126289
0.0013501
0.00144999
0.00156447
0.00170359
0.00186366
0.00239534
0.00307869
0.0039479
0.00506252
0.00649182
0.00838236
0.0106996
0.0137837
0.0176753
0.0227178
0.0291989
0.0374426
0.0413396
0.0480138
0.0564113
0.0619964
0.0844743
0.107361
0.111261
0.11894
0.130545
0.146427
0.163093
0.187971
0.206368
0.230783
0.264689
0.33294
0.344641
0.354296
0.37014
0.375289
0.381387
0.383148
0.387584
0.440927
0.459586
0.507419
0.583937
0.585284
0.673545
0.752257
0.775115
0.892003
0.969095
1.02652
1.18404
1.23984
1.36259
1.56807
1.65336
1.80454
2.07666
2.13977
2.39534
2.75655
3.17224
3.65062
4.21082
4.84581
5.57656
6.41751
7.40229
8.51856
9.80317
11.2815
12.9827
14.975
17.2332
19.832
22.8227
26.3249
30.2947
34.8631
40.1205
46.1707
53.2557
61.2867
70.5288
81.1645
93.6195
107.737
123.984
