# photon energy [eV]
0.001
0.00107897
0.00116418
0.00125612
0.00135532
0.00146235
0.00157784
0.00170244
0.00183689
0.00198195
0.00213847
0.00230735
0.00248957
0.00268617
0.00289831
0.00312719
0.00337415
0.00364062
0.00392813
0.00423834
0.00457305
0.00493419
0.00532386
0.0057443
0.00619794
0.0066874
0.00721552
0.00778535
0.00840018
0.00906356
0.00977933
0.01
0.0102566
0.0105198
0.0105516
0.0107897
0.0110666
0.0113506
0.0113849
0.0116418
0.0119405
0.0122469
0.012284
0.0125612
0.0128835
0.0132141
0.0132541
0.0135532
0.013901
0.0142577
0.0143008
0.0146235
0.0149987
0.0153836
0.0154302
0.0157784
0.0161832
0.0165985
0.0166487
0.0170244
0.0174613
0.0179093
0.0179635
0.0183689
0.0188402
0.0193237
0.0193821
0.0198195
0.0203281
0.0208497
0.0209128
0.0213847
0.0219334
0.0224962
0.0225643
0.0230735
0.0236656
0.0242728
0.0243463
0.0248957
0.0255345
0.0261897
0.026269
0.0268617
0.027551
0.028258
0.0283435
0.0289831
0.0297268
0.0304896
0.0305818
0.0312719
0.0320744
0.0328974
0.0329969
0.0337415
0.0346073
0.0354954
0.0356028
0.0364062
0.0373404
0.0382985
0.0384144
0.0392813
0.0402892
0.041323
0.0414481
0.0423834
0.043471
0.0445864
0.0447214
0.0457305
0.0469039
0.0481075
0.0482531
0.049342
0.0506081
0.0519067
0.0520638
0.0532386
0.0546047
0.0560059
0.0561754
0.057443
0.058917
0.0604288
0.0606117
0.0619794
0.0635698
0.065201
0.0653983
0.066874
0.06859
0.07035
0.070563
0.0721552
0.0740067
0.0759057
0.0761355
0.0778535
0.0798512
0.0819002
0.0821481
0.0840018
0.0861573
0.0883681
0.0886355
0.0906356
0.0929613
0.0953467
0.0956353
0.0977933
0.100303
0.102876
0.103188
0.105516
0.108224
0.111001
0.111337
0.113849
0.11677
0.119767
0.120129
0.12284
0.125992
0.129225
0.129616
0.132541
0.135942
0.13943
0.139852
0.143008
0.146678
0.150441
0.150897
0.154302
0.158261
0.162322
0.162813
0.166487
0.170759
0.175141
0.175671
0.179635
0.184245
0.188972
0.189544
0.193821
0.198795
0.203896
0.204513
0.209128
0.214494
0.219998
0.220664
0.225643
0.231433
0.237372
0.23809
0.243463
0.24971
0.256118
0.256893
0.26269
0.26943
0.276344
0.27718
0.283435
0.290708
0.298167
0.29907
0.305818
0.313666
0.321714
0.322688
0.32997
0.338436
0.347121
0.348171
0.356028
0.365164
0.374534
0.375667
0.384144
0.394002
0.404112
0.405335
0.414481
0.425117
0.436025
0.437345
0.447214
0.458689
0.470459
0.471883
0.482531
0.494913
0.507612
0.509149
0.520638
0.533997
0.5477
0.549357
0.561754
0.576168
0.590953
0.592741
0.606117
0.62167
0.637622
0.639552
0.653983
0.670764
0.687976
0.690058
0.70563
0.723736
0.742307
0.744554
0.761355
0.780891
0.800929
0.803353
0.821481
0.84256
0.86418
0.866796
0.886355
0.909099
0.932426
0.935248
0.956353
0.980892
1.00606
1.00911
1.03188
1.05836
1.08551
1.0888
1.11337
1.14194
1.17124
1.17478
1.20129
1.23212
1.26373
1.26756
1.29616
1.32942
1.36353
1.36766
1.39852
1.43441
1.47122
1.47567
1.50897
1.54769
1.5874
1.59221
1.62813
1.66991
1.71276
1.71795
1.75671
1.80179
1.84802
1.89544
1.94408
1.99396
2.04513
2.09761
2.15143
2.20664
2.26326
2.32134
2.3809
2.442
2.50466
2.56893
2.63485
2.70246
2.7718
2.84293
2.91588
2.9907
3.06744
3.14615
3.22688
3.30968
3.39461
3.48171
3.57105
3.66269
3.75667
3.85307
3.95194
4.05335
4.15735
4.26403
4.37345
4.48567
4.60077
4.71883
4.83992
4.96411
5.09149
5.22213
5.35613
5.49357
5.63454
5.77912
5.92741
6.07951
6.23551
6.39551
6.55962
6.72794
6.90058
7.07765
7.25927
7.44554
7.63659
7.83255
8.03353
8.23967
8.4511
8.66796
8.89038
9.1185
9.35248
9.59247
9.83861
10.0911
10.35
10.6156
10.888
11.1674
11.4539
11.7478
12.0493
12.3585
12.6756
13.0008
13.3345
13.6766
14.0275
14.3875
14.7567
15.1353
15.5237
15.9221
16.3306
16.7497
17.1795
17.6203
18.0724
18.5362
