2.000000800000000000e+10
2.404529800000000000e+10
2.890880600000000000e+10
3.475603000000000000e+10
4.178593800000000000e+10
5.023774700000000000e+10
6.039905500000000000e+10
7.261563300000000000e+10
8.730319300000000000e+10
1.049615200000000000e+11
1.261915100000000000e+11
1.517155600000000000e+11
1.824022200000000000e+11
2.192957100000000000e+11
2.636514300000000000e+11
3.169787200000000000e+11
3.810922700000000000e+11
4.581736800000000000e+11
5.508459400000000000e+11
6.622624500000000000e+11
7.962145600000000000e+11
9.572604300000000000e+11
1.150880200000000000e+12
1.383662400000000000e+12
1.663527900000000000e+12
2.000000500000000000e+12
2.404529500000000000e+12
2.890880300000000000e+12
3.475602700000000000e+12
4.178593400000000000e+12
5.023774300000000000e+12
6.039904700000000000e+12
7.261562900000000000e+12
8.730319000000000000e+12
1.049615100000000000e+13
1.261915000000000000e+13
1.517155500000000000e+13
1.824022100000000000e+13
2.192956800000000000e+13
2.636514100000000000e+13
3.169787200000000000e+13
3.810922400000000000e+13
4.581736100000000000e+13
5.508458300000000000e+13
6.622623600000000000e+13
7.962144600000000000e+13
9.572603800000000000e+13
1.150880100000000000e+14
1.383662200000000000e+14
1.663527900000000000e+14
